340000
340100
340101
340102
340103
340104
340106
340107
340108
340111
340112
340113
340114
340121
340122
340123
340124
340181
340191
340194
340197
340200
340201
340202
340203
340206
340207
340208
340209
340211
340221
340222
340223
340224
340293
340294
340300
340301
340302
340303
340304
340305
340309
340311
340312
340313
340321
340322
340323
340392
340393
340400
340401
340402
340403
340404
340405
340406
340421
340493
340494
340495
340500
340501
340502
340503
340504
340506
340521
340522
340523
340592
340593
340600
340601
340602
340603
340604
340621
340691
340692
340693
340700
340701
340702
340703
340704
340705
340707
340711
340721
340793
340800
340801
340802
340803
340811
340822
340823
340824
340825
340826
340827
340828
340881
340891
340892
341000
341001
341002
341003
341004
341021
341022
341023
341024
341031
341091
341100
341101
341102
341103
341107
341122
341124
341125
341126
341181
341182
341191
341200
341201
341202
341203
341204
341205
341206
341207
341221
341222
341225
341226
341282
341291
341292
341300
341301
341302
341321
341322
341323
341324
341391
341392
341393
341394
341400
341401
341402
341421
341422
341423
341424
341491
341500
341501
341502
341503
341504
341505
341521
341522
341523
341524
341525
341591
341592
341600
341601
341602
341621
341622
341623
341691
341700
341701
341702
341721
341722
341723
341724
341792
341800
341801
341802
341821
341822
341823
341824
341825
341881
341891
341892
342224
342500
342501
342502
342522
342523
342524
342529
342530
342531
