350000
350100
350101
350102
350103
350104
350105
350106
350107
350111
350121
350122
350123
350124
350125
350128
350181
350182
350200
350201
350203
350205
350206
350211
350212
350213
350298
350299
350300
350301
350302
350303
350304
350305
350322
350391
350393
350400
350401
350402
350403
350421
350423
350424
350425
350426
350427
350428
350429
350430
350481
350500
350501
350502
350503
350504
350505
350506
350509
350521
350524
350525
350526
350527
350581
350582
350583
350600
350601
350602
350603
350604
350605
350606
350622
350623
350624
350625
350626
350627
350628
350629
350681
350698
350700
350701
350702
350721
350722
350723
350724
350725
350781
350782
350783
350784
350800
350801
350802
350821
350822
350823
350824
350825
350881
350900
350901
350902
350921
350922
350923
350924
350925
350926
350981
350982
350991
351010
