620000
620100
620101
620102
620103
620104
620105
620111
620123
620122
620121
620200
620201
620300
620301
620302
620321
620400
620401
620402
620403
620421
620422
620423
620500
620501
620502
620503
620521
620522
620523
620524
620525
620600
620601
620602
620621
620622
620623
620700
620701
620702
620721
620722
620723
620724
620725
620800
620801
620802
620821
620822
620823
620824
620825
620826
620900
620901
620902
620921
620922
620923
620924
620981
620982
621000
621001
621002
621021
621022
621023
621024
621025
621026
621027
621100
621101
621102
621121
621122
621123
621124
621125
621126
621200
621201
621202
621221
621222
621223
621224
621225
621226
621227
621228
622900
622901
622921
622922
622923
622924
622925
622926
622927
623000
623001
623021
623022
623023
623024
623025
623026
623027
