450000
450001
450002
450100
450101
450102
450103
450105
450107
450108
450109
450110
450111
450112
450113
450114
450115
450122
450123
450124
450125
450126
450127
450200
450201
450202
450203
450204
450205
450206
450207
450208
450221
450222
450223
450224
450225
450226
450300
450301
450302
450303
450304
450305
450306
450307
450308
450309
450311
450321
450322
450323
450324
450325
450326
450327
450328
450329
450330
450331
450332
450400
450401
450403
450404
450405
450406
450421
450422
450423
450481
450500
450501
450502
450503
450504
450512
450521
450600
450601
450602
450603
450621
450681
450700
450701
450702
450703
450704
450705
450721
450722
450800
450801
450802
450803
450804
450821
450881
450900
450901
450902
450903
450904
450905
450908
450921
450922
450923
450924
450981
451000
451001
451002
451021
451022
451023
451024
451025
451026
451027
451028
451029
451030
451031
451100
451101
451102
451103
451121
451122
451123
451200
451201
451202
451221
451222
451223
451224
451225
451226
451227
451228
451229
451281
451300
451301
451302
451321
451322
451323
451324
451381
451400
451401
451402
451421
451422
451423
451424
451425
451481
452181
452631
452727
452729
452730
