440000
440003
440100
440101
440103
440104
440105
440106
440108
440110
440111
440112
440113
440114
440115
440117
440118
440121
440122
440125
440126
440200
440201
440203
440204
440205
440209
440221
440222
440224
440229
440232
440233
440281
440282
440300
440301
440302
440303
440304
440305
440306
440307
440308
440309
440310
440323
440400
440401
440402
440403
440404
440405
440407
440408
440413
440500
440501
440506
440507
440508
440511
440512
440513
440514
440515
440523
440581
440582
440583
440600
440601
440602
440604
440605
440606
440607
440608
440681
440682
440683
440684
440700
440701
440703
440704
440705
440724
440781
440782
440783
440784
440785
440800
440801
440802
440803
440804
440806
440807
440811
440823
440825
440881
440882
440883
440900
440901
440902
440903
440904
440921
440923
440981
440982
440983
440990
441200
441201
441202
441203
441204
441208
441223
441224
441225
441226
441283
441284
441300
441301
441302
441303
441304
441322
441323
441324
441381
441400
441401
441402
441403
441421
441422
441423
441424
441426
441427
441481
441500
441501
441502
441503
441521
441523
441581
441600
441601
441602
441621
441622
441623
441624
441625
441700
441701
441702
441704
441721
441723
441781
441800
441801
441802
441803
441805
441821
441823
441825
441826
441827
441881
441882
441900
442000
445100
445101
445102
445103
445121
445122
445200
445201
445202
445203
445211
445221
445222
445224
445281
445300
445301
445302
445303
445321
445322
445323
445381
