520000
520100
520101
520102
520103
520111
520112
520113
520114
520115
520121
520122
520123
520181
520190
520198
520200
520201
520202
520203
520204
520221
520222
520223
520290
520300
520301
520302
520303
520321
520322
520323
520324
520325
520326
520327
520328
520329
520330
520381
520382
520390
520391
520400
520401
520402
520403
520421
520422
520423
520424
520425
520490
520491
520492
520500
520501
520502
520521
520522
520523
520524
520525
520526
520527
520590
520596
520600
520601
520602
520603
520621
520622
520623
520624
520625
520626
520627
520628
520690
520691
520900
522200
522201
522220
522222
522223
522224
522225
522226
522227
522228
522229
522230
522300
522301
522320
522322
522323
522324
522325
522326
522327
522328
522400
522421
522422
522423
522424
522425
522426
522427
522428
522500
522501
522520
522521
522526
522527
522528
522529
522530
522600
522601
522620
522622
522623
522624
522625
522626
522627
522628
522629
522630
522631
522632
522633
522634
522635
522636
522700
522701
522702
522720
522722
522723
522724
522725
522726
522727
522728
522729
522730
522731
522732
