130000
130100
130101
130102
130103
130104
130105
130106
130107
130108
130113
130121
130123
130124
130125
130126
130127
130128
130129
130130
130131
130132
130133
130181
130182
130183
130184
130185
130192
130193
130200
130201
130202
130203
130204
130205
130207
130208
130221
130223
130224
130225
130227
130229
130230
130281
130282
130283
130293
130294
130295
130296
130297
130298
130300
130301
130302
130303
130304
130321
130322
130323
130324
130351
130392
130400
130401
130402
130403
130404
130405
130406
130407
130421
130423
130424
130425
130426
130427
130428
130429
130430
130431
130432
130433
130434
130435
130481
130492
130500
130501
130502
130503
130506
130521
130522
130523
130524
130525
130526
130527
130528
130529
130530
130531
130532
130533
130534
130535
130581
130582
130600
130601
130602
130603
130604
130605
130606
130607
130608
130609
130611
130621
130622
130623
130624
130625
130626
130627
130628
130629
130630
130631
130632
130633
130634
130635
130636
130637
130638
130681
130682
130683
130684
130700
130701
130702
130703
130705
130706
130709
130711
130721
130722
130723
130724
130725
130726
130727
130728
130729
130730
130731
130732
130733
130800
130801
130802
130803
130804
130805
130821
130822
130823
130824
130825
130826
130827
130828
130900
130901
130902
130903
130911
130921
130922
130923
130924
130925
130926
130927
130928
130929
130930
130931
130932
130981
130982
130983
130984
130992
131000
131001
131002
131003
131022
131023
131024
131025
131026
131028
131081
131082
131100
131101
131102
131106
131121
131122
131123
131124
131125
131126
131127
131128
131181
131182
