230000
230100
230101
230102
230103
230104
230106
230107
230108
230109
230110
230111
230112
230123
230124
230125
230126
230127
230128
230129
230181
230182
230183
230184
230191
230193
230195
230199
230200
230201
230202
230203
230204
230205
230206
230207
230208
230221
230223
230224
230225
230227
230229
230230
230231
230281
230300
230301
230302
230303
230304
230305
230306
230307
230321
230322
230381
230382
230400
230401
230402
230403
230404
230405
230406
230407
230421
230422
230500
230501
230502
230503
230505
230506
230521
230522
230523
230524
230600
230601
230602
230603
230604
230605
230606
230607
230621
230622
230623
230624
230700
230701
230702
230703
230704
230705
230706
230707
230708
230709
230710
230711
230712
230713
230714
230715
230716
230722
230781
230800
230801
230802
230803
230804
230805
230811
230822
230826
230828
230833
230881
230882
230900
230901
230902
230903
230904
230921
231000
231001
231002
231003
231004
231005
231024
231025
231081
231083
231084
231085
231100
231101
231102
231103
231104
231121
231123
231124
231181
231182
231200
231201
231202
231221
231222
231223
231224
231225
231226
231281
231282
231283
232300
232301
232302
232303
232304
232324
232325
232326
232330
232331
232332
232700
232701
232702
232703
232704
232721
232722
232723
232741
232743
232744
233000
233001
233002
233003
233004
233005
233006
233007
233008
233009
