420000
420100
420101
420102
420103
420104
420105
420106
420107
420111
420112
420113
420114
420115
420116
420117
420120
420121
420198
420199
420200
420201
420202
420203
420204
420205
420206
420222
420281
420300
420301
420302
420303
420304
420321
420322
420323
420324
420325
420381
420382
420383
420384
420385
420386
420500
420501
420502
420503
420504
420505
420506
420507
420521
420525
420526
420527
420528
420529
420581
420582
420583
420600
420601
420602
420603
420606
420607
420608
420609
420610
420621
420624
420625
420626
420682
420683
420684
420700
420701
420702
420703
420704
420708
420709
420710
420711
420800
420801
420802
420803
420804
420805
420821
420822
420881
420882
420899
420900
420901
420902
420903
420920
420921
420922
420923
420981
420982
420984
420985
421000
421001
421002
421003
421004
421005
421006
421007
421022
421023
421024
421081
421083
421087
421100
421101
421102
421121
421122
421123
421124
421125
421126
421127
421181
421182
421200
421201
421202
421221
421222
421223
421224
421281
421300
421301
421302
421304
421321
421381
422002
422020
422125
422127
422130
422300
422301
422302
422303
422322
422324
422325
422326
422800
422801
422802
422822
422823
422825
422826
422827
422828
429000
429004
429005
429006
429021
429500
