320000
320100
320101
320102
320103
320104
320105
320106
320107
320111
320113
320114
320115
320116
320121
320123
320124
320125
320191
320192
320193
320200
320201
320202
320203
320204
320205
320206
320211
320213
320281
320282
320283
320293
320300
320301
320302
320303
320304
320305
320306
320311
320312
320321
320322
320323
320324
320381
320382
320400
320401
320402
320404
320405
320407
320411
320412
320481
320482
320483
320500
320501
320502
320503
320504
320505
320506
320507
320508
320512
320581
320582
320583
320584
320585
320592
320594
320600
320601
320602
320611
320612
320621
320623
320681
320682
320683
320684
320691
320700
320701
320703
320704
320705
320706
320721
320722
320723
320724
320791
320800
320801
320802
320803
320804
320805
320811
320826
320829
320830
320831
320891
320900
320901
320902
320903
320913
320921
320922
320923
320924
320925
320928
320981
320982
320991
321000
321001
321002
321003
321011
321016
321023
321027
321081
321084
321088
321091
321100
321101
321102
321111
321112
321121
321181
321182
321183
321191
321200
321201
321202
321203
321281
321282
321283
321284
321291
321292
321300
321301
321302
321311
321321
321322
321323
321324
321391
321392
