360000
360100
360101
360102
360103
360104
360105
360106
360107
360108
360109
360111
360112
360121
360122
360123
360124
360125
360126
360127
360200
360201
360202
360203
360206
360207
360222
360281
360300
360301
360302
360313
360321
360322
360323
360400
360401
360402
360403
360404
360405
360406
360421
360423
360424
360425
360426
360427
360428
360429
360430
360481
360482
360491
360500
360501
360502
360503
360504
360521
360600
360601
360602
360603
360604
360622
360681
360700
360701
360702
360703
360721
360722
360723
360724
360725
360726
360727
360728
360729
360730
360731
360732
360733
360734
360735
360781
360782
360800
360801
360802
360803
360805
360821
360822
360823
360824
360825
360826
360827
360828
360829
360830
360881
360900
360901
360902
360903
360904
360921
360922
360923
360924
360925
360926
360981
360982
360983
361000
361001
361002
361003
361021
361022
361023
361024
361025
361026
361027
361028
361029
361030
361100
361101
361102
361103
361121
361122
361123
361124
361125
361126
361127
361128
361129
361130
361181
