220000
220100
220101
220102
220103
220104
220105
220106
220107
220108
220109
220110
220111
220112
220113
220115
220122
220126
220127
220137
220181
220182
220183
220200
220201
220202
220203
220204
220211
220212
220213
220214
220221
220281
220282
220283
220284
220291
220292
220294
220300
220301
220302
220303
220322
220323
220332
220381
220382
220388
220391
220392
220393
220394
220395
220400
220401
220402
220403
220404
220408
220421
220422
220500
220501
220502
220503
220504
220505
220506
220521
220523
220524
220581
220582
220600
220601
220602
220603
220604
220605
220621
220622
220623
220625
220681
220700
220701
220702
220705
220721
220722
220723
220724
220800
220801
220802
220803
220807
220808
220821
220822
220881
220882
222400
222401
222402
222403
222404
222405
222406
222424
222426
222500
222501
222502
223021
