210000
210100
210102
210103
210104
210105
210106
210111
210112
210113
210114
210122
210123
210124
210131
210132
210133
210134
210136
210137
210181
210200
210202
210203
210204
210211
210212
210213
210224
210231
210241
210242
210244
210245
210246
210247
210266
210281
210282
210283
210300
210301
210302
210303
210304
210311
210319
210321
210322
210342
210343
210344
210346
210381
210400
210401
210402
210403
210404
210405
210406
210407
210409
210411
210421
210422
210423
210500
210502
210503
210504
210505
210511
210512
210513
210521
210522
210600
210602
210603
210604
210605
210624
210681
210682
210688
210700
210702
210703
210704
210706
210708
210709
210710
210711
210724
210725
210726
210727
210730
210781
210800
210801
210802
210803
210804
210807
210808
210810
210811
210812
210814
210881
210882
210900
210901
210902
210903
210904
210905
210906
210909
210911
210921
210922
211000
211002
211003
211004
211005
211006
211007
211011
211021
211022
211100
211102
211103
211104
211105
211112
211113
211121
211122
211200
211202
211204
211205
211206
211209
211211
211212
211213
211214
211221
211223
211224
211231
211241
211281
211282
211300
211302
211303
211304
211311
211314
211321
211322
211324
211381
211382
211400
211402
211403
211404
211421
211422
211472
211473
211475
211476
211481
211491
211493
211494
211496
