150000
150100
150101
150102
150103
150104
150105
150121
150122
150123
150124
150125
150200
150201
150202
150203
150204
150205
150206
150207
150221
150222
150223
150300
150301
150302
150303
150304
150400
150401
150402
150403
150404
150421
150422
150423
150424
150425
150426
150428
150429
150430
150500
150501
150502
150521
150522
150523
150524
150525
150526
150581
150600
150601
150602
150621
150622
150623
150624
150625
150626
150627
150700
150701
150702
150721
150722
150723
150724
150725
150726
150727
150781
150782
150783
150784
150785
150800
150801
150802
150821
150822
150823
150824
150825
150826
150900
150901
150902
150921
150922
150923
150924
150925
150926
150927
150928
150929
150981
152200
152201
152202
152221
152222
152223
152224
152500
152501
152502
152522
152523
152524
152525
152526
152527
152528
152529
152530
152531
152900
152921
152922
152923
