140000
140100
140101
140105
140106
140107
140108
140109
140110
140121
140122
140123
140181
140191
140192
140193
140194
140200
140201
140202
140203
140204
140211
140212
140221
140222
140223
140224
140225
140226
140227
140291
140300
140301
140302
140303
140309
140311
140321
140322
140391
140400
140401
140402
140405
140411
140421
140423
140424
140425
140426
140427
140428
140429
140430
140431
140481
140491
140500
140501
140502
140521
140522
140524
140525
140581
140591
140600
140601
140602
140603
140621
140622
140623
140624
140691
140700
140701
140702
14070N
140721
140722
140723
140724
140725
140726
140727
140728
140729
140781
140791
140800
140801
140802
140821
140822
140823
140824
140825
140826
140827
140828
140829
140830
140881
140882
140891
140892
140893
140894
140895
140900
140901
140902
140921
140922
140923
140924
140925
140926
140927
140928
140929
140930
140931
140932
140971
140981
140991
140992
141000
141001
141002
141021
141022
141023
141024
141025
141026
141027
141028
141029
141030
141031
141032
141033
141034
141081
141082
141091
141092
141100
141101
141102
141121
141122
141123
141124
141125
141126
141127
141128
141129
141130
141181
141182
141424
141902
142118
142200
142201
142222
142223
142225
142227
142228
142231
142232
142234
142321
142322
142326
142328
142329
142330
142331
142333
142400
142401
142402
142403
142410
142421
142422
142423
142427
142429
142430
142431
142433
142603
142621
142623
142627
142632
142700
142701
142702
142703
142724
142725
142726
142727
142730
142731
142733
