370100
370101
370102
370103
370104
370105
370112
370113
370124
370125
370126
370181
370200
370201
370202
370203
370205
370211
370212
370213
370214
370281
370282
370283
370284
370285
370300
370301
370302
370303
370304
370305
370306
370321
370322
370323
370400
370401
370402
370403
370404
370405
370406
370481
370500
370501
370502
370503
370521
370522
370523
370600
370601
370602
370611
370612
370613
370634
370681
370682
370683
370684
370685
370686
370687
370700
370701
370702
370703
370704
370705
370730
370725
370781
370782
370783
370784
370785
370786
370800
370801
370802
370811
370826
370827
370828
370829
370830
370831
370832
370881
370882
370883
370900
370901
370902
370903
370921
370923
370982
370983
371000
371001
371002
371081
371082
371083
371100
371101
371102
371103
371121
371122
371200
371201
371202
371203
371300
371301
371302
371311
371312
371321
371322
371323
371324
371325
371326
371327
371328
371329
371400
371401
371402
371421
371422
371423
371424
371425
371426
371427
371428
371481
371482
371500
371501
371502
371521
371522
371523
371524
371525
371581
371600
371601
371602
371621
371622
371623
371624
371625
371626
371700
371701
371702
371721
371722
371723
371724
371725
371726
371727
371728
