510000
510100
510101
510104
510105
510106
510107
510108
510109
510110
510112
510113
510114
510115
510121
510122
510123
510124
510125
510129
510131
510132
510181
510182
510183
510184
510300
510301
510302
510303
510304
510311
510321
510322
510400
510401
510402
510403
510411
510421
510422
510500
510501
510502
510503
510504
510521
510522
510524
510525
510600
510601
510603
510605
510623
510626
510681
510682
510683
510700
510701
510703
510704
510705
510706
510707
510708
510722
510723
510724
510725
510726
510727
510781
510800
510801
510802
510811
510812
510821
510822
510823
510824
510900
510901
510902
510903
510904
510921
510922
510923
511000
511001
511002
511011
511024
511025
511028
511100
511101
511102
511111
511112
511113
511118
511123
511124
511126
511129
511132
511133
511181
511300
511301
511302
511303
511304
511321
511322
511323
511324
511325
511381
511400
511401
511402
511403
511421
511422
511423
511424
511425
511500
511501
511502
511503
511521
511522
511523
511524
511525
511526
511527
511528
511529
511600
511601
511602
511603
511621
511622
511623
511681
511700
511701
511702
511703
511721
511722
511723
511724
511725
511781
511800
511801
511802
511803
511822
511823
511824
511825
511826
511827
511900
511901
511902
511903
511921
511922
511923
511924
512000
512001
512002
512021
512022
512081
513100
513101
513122
513123
513124
513125
513126
513127
513128
513200
513221
513222
513223
513224
513225
513226
513227
513228
513229
513230
513231
513232
513233
513260
513266
513300
513301
513321
513322
513323
513324
513325
513326
513327
513328
513329
513330
513331
513332
513333
513334
513335
513336
513337
513338
513400
513401
513422
513423
513424
513425
513426
513427
513428
513429
513430
513431
513432
513433
513434
513435
513436
513437
