610000
610100
610101
610102
610103
610104
610111
610112
610113
610114
610115
610116
610117
610122
610124
610125
610132
610133
610140
610200
610201
610202
610203
610204
610221
610222
610300
610301
610302
610303
610304
610321
610322
610323
610324
610326
610327
610328
610329
610330
610331
610400
610401
610402
610403
610404
610419
610422
610423
610424
610425
610426
610427
610428
610429
610430
610431
610481
610491
610500
610501
610502
610521
610522
610523
610524
610525
610526
610527
610528
610581
610582
610592
610593
610594
610600
610601
610602
610621
610622
610623
610624
610625
610626
610627
610628
610629
610630
610631
610632
610700
610701
610702
610721
610722
610723
610724
610725
610726
610727
610728
610729
610730
610800
610801
610802
610821
610822
610823
610824
610825
610826
610827
610828
610829
610830
610831
610893
610900
610901
610902
610921
610922
610923
610924
610925
610926
610927
610928
610929
611000
611001
611002
611021
611022
611023
611024
611025
611026
611100
611101
611102
611103
611104
612300
612301
612321
612322
612323
612324
612325
612326
612327
612400
612401
612422
612423
612424
612425
612426
612427
612428
612429
612430
612431
612500
612501
612522
612523
612524
612525
612526
612527
612600
612601
612621
612622
612623
612624
612625
612626
612628
612629
612630
612631
612632
612700
612701
612722
612723
612724
612725
612726
612727
612728
612729
612730
612731
612732
