650000
650010
650100
650101
650102
650103
650104
650105
650106
650107
650109
650121
650200
650201
650202
650203
650204
650205
650400
650402
650421
650422
652101
652200
652201
652222
652223
652300
652301
652302
652323
652324
652325
652326
652327
652328
652700
652701
652702
652722
652723
652800
652801
652822
652823
652824
652825
652826
652827
652828
652829
652900
652901
652922
652923
652924
652925
652926
652927
652928
652929
653000
653001
653022
653023
653024
653100
653101
653121
653122
653123
653124
653125
653126
653127
653128
653129
653130
653131
653200
653201
653221
653222
653223
653224
653225
653226
653227
654000
654002
654003
654004
654021
654022
654023
654024
654025
654026
654027
654028
654101
654102
654122
654123
654124
654125
654126
654127
654128
654129
654200
654201
654202
654221
654223
654224
654225
654226
654300
654301
654321
654322
654323
654324
654325
654326
654327
659000
659001
659002
659003
659004
