540000
540091
540100
540101
540102
540105
540121
540122
540123
540124
540125
540126
540127
540191
540192
540193
540194
540195
540200
540202
540221
540222
540223
540224
540225
540226
540227
540228
540229
540230
540231
540232
540233
540234
540236
540237
540300
540302
540321
540322
540323
540324
540325
540326
540327
540328
540329
540330
540400
540402
540421
540422
540423
540424
540425
540426
542100
542121
542122
542123
542124
542125
542126
542127
542128
542129
542132
542133
542200
542221
542222
542223
542224
542225
542226
542227
542228
542229
542231
542232
542233
542300
542301
542322
542323
542324
542325
542326
542327
542328
542329
542330
542331
542332
542333
542334
542335
542336
542337
542338
542400
542421
542422
542423
542424
542425
542426
542427
542428
542429
542430
542431
542500
542521
542522
542523
542524
542525
542526
542527
542600
542601
542621
542622
542623
542624
542625
542626
542627
