530000
530100
530101
530102
530103
530111
530112
530113
530121
530122
530124
530125
530126
530127
530128
530129
530181
530300
530301
530302
530321
530322
530323
530324
530325
530326
530328
530381
530400
530401
530402
530421
530422
530423
530424
530425
530426
530427
530428
530500
530501
530502
530521
530522
530523
530524
530600
530601
530602
530621
530622
530623
530624
530625
530626
530627
530628
530629
530630
530700
530701
530702
530721
530722
530723
530724
530800
530801
530802
530821
530822
530823
530824
530825
530826
530827
530828
530829
530900
530901
530902
530921
530922
530923
530924
530925
530926
530927
532300
532301
532322
532323
532324
532325
532326
532327
532328
532329
532331
532500
532501
532502
532503
532523
532524
532525
532526
532527
532528
532529
532530
532531
532532
532600
532621
532622
532623
532624
532625
532626
532627
532628
532700
532701
532729
532800
532801
532822
532823
532900
532901
532922
532923
532924
532925
532926
532927
532928
532929
532930
532931
532932
533100
533102
533103
533122
533123
533124
533300
533321
533323
533324
533325
533400
533421
533422
533423
