330000
330100
330101
330102
330103
330104
330105
330106
330108
330109
330110
330111
330122
330127
330181
330182
330183
330184
330185
330194
330196
330198
330200
330201
330203
330204
330205
330206
330211
330212
330214
330215
330216
330217
330218
330225
330226
330281
330282
330283
330300
330301
330302
330303
330304
330305
330322
330324
330326
330327
330328
330329
330381
330382
330400
330401
330402
330403
330405
330411
330421
330424
330481
330482
330483
330491
330500
330501
330502
330503
330504
330508
330521
330522
330523
330600
330601
330602
330603
330604
330621
330624
330681
330682
330683
330700
330701
330702
330703
330723
330726
330727
330781
330782
330783
330784
330800
330801
330802
330803
330822
330824
330825
330881
330900
330901
330902
330903
330906
330907
330908
330909
330921
330922
330935
331000
331001
331002
331003
331004
331021
331022
331023
331024
331081
331082
331100
331101
331102
331121
331122
331123
331124
331125
331126
331127
331181
